    0   1   2   3   4   5   6   7   8   9   A   B   C   D   E   F   G   H   I   J   K   L   M   N   O   P   Q   R   S   T   U   V   W   X   Y   Z   a   b   d   e   f   g   h   n   q   r   t   
0 382   0   0   0   0   0   0   0   0   0   0   0   0   7   0   0   0   0   0   0   0   0   0   0  64   0   1   0   0   0   1   0   0   0   0   0   1   1   0   0   0   0   0   0   0   0   0 
1   0 416   1   0   0   0   0   0   0   0   0   0   1   0   0   0   0   0  40   0   0  13   0   0   0   0   0   0   0   0   0   1   0   0   0   0   0   0   0   0   0   0   0   0   0   0   0 
2   0   0 427   0   0   0   0   0   0   0   0   0   0   0   0   0   0   0   0   0   0   3   0   0   0   0   0   0   0   0   0   1   0   0   0  45   3   0   0   0   0   0   0   0   0   0   0 
3   0   0   0 511   0   1   0   1   0   0   0   2   0   0   0   0   0   0   0   0   0   0   0   0   0   0   0   0   0   0   0   0   0   0   0   0   0   0   0   0   0   0   0   0   0   0   0 
4   0   0   0   0 437   0   1   0   0   0   1   0   0   0   0   0   0   1   0   0   0   0   0   0   0   0   1   0   0   0   6   0   0   0  12   0   0   0   0   0   0   0   0   0   0   0   1 
5   0   0   0   3   0 443   1   0   0   0   0   0   0   0   1   1   0   0   0   3   0   0   0   0   0   0   0   0  20   0   0   0   0   0   0   0   0   0   0   0   0   1   0   0   0   0   0 
6   0   0   0   0   0   0 454   0   0   0   0   0   0   0   0   0   7   0   0   0   0   1   0   0   0   0   0   0   1   0   0   0   1   0   0   0   0  20   0   0   0   0   0   0   0   0   0 
7   0   0   0   0   1   0   0 441   0   0   0   0   0   0   0   0   0   0   0   0   0   0   1   0   0   0   0   0   0   1   0   0   0   0   0   1   0   0   0   0   0   0   0   2   0   0   0 
8   0   0   1   0   0   0   0   0 480   0   0   2   0   0   1   2   0   0   0   0   0   0   0   0   0   3   0   0   0   0   1   0   0   0   0   0   0   0   0   0   0   4   0   0   2   0   0 
9   0   0   0   0   0   0   0   0   0 452   0   0   0   0   0   0   2   0   0   0   0   0   0   0   0   0   0   0   0   0   0   0   0   0   1   0   2   0   0   0   0  12   0   0  11   0   0 
A   0   0   0   0   1   0   0   0   0   0 485   1   0   0   0   0   0   4   0   0   0   0   0   0   0   0   0   0   0   0   0   0   0   0   0   0   1   0   0   0   0   0   0   1   0   0   1 
B   0   0   0   2   0   0   0   0   1   0   0 459   0   0   0   0   1   0   0   0   0   0   0   0   0   0   0   1   0   0   0   0   0   0   0   0   0   1   0   0   0   0   0   0   0   0   0 
C   0   0   0   0   0   0   0   0   0   0   0   0 457   0   0   0   1   0   0   0   0   3   0   0   0   0   0   0   0   0   0   0   0   0   0   0   0   0   0   8   0   0   0   0   0   0   0 
D  26   0   0   0   0   0   0   0   0   0   0   1   0 464   0   0   0   0   0   1   0   0   0   0   5   0   0   0   0   0   0   0   0   0   0   0   0   2   0   0   0   0   0   1   0   0   0 
E   0   0   0   0   0   0   1   0   0   0   0   0   0   0 459   1   0   0   0   0   0   0   0   0   0   0   0   1   0   0   0   0   0   0   0   0   0   0   0   1   0   0   0   0   2   0   0 
F   1   0   0   0   0   0   0   0   0   0   0   0   0   0   0 241   1   0   0   0   0   0   0   0   0   1   0   1   0   1   0   0   0   0   0   0   0   0   0   0 219   0   0   0   0   1   1 
G   0   0   0   0   0   0  13   0   0   1   0   1   0   0   0   1 459   1   0   0   0   1   0   0   0   0   1   0   0   0   0   0   0   0   0   0   1   0   0   0   0   2   0   0   0   0   0 
H   0   0   0   0   2   0   0   0   0   0   2   0   0   0   0   0   0 484   1   0   0   0   0   1   0   0   0   0   0   0   0   0   0   0   0   0   0   0   0   0   0   0   0   0   0   0   0 
I   0 130   0   0   0   0   0   0   0   0   0   0   0   0   0   1   0   0 335   3   0   9   0   1   0   0   0   0   0   1   0   0   0   0   0   0   0   0   1   0   0   0   0   1   0   0   0 
J   1   0   0   0   0   2   0   0   0   0   0   0   0   0   0   0   0   0  14 434   0   0   0   0   0   0   0   0   5   1   2   1   0   0   1   0   0   0   1   0   0   0   0   0   1   0   1 
K   0   0   0   0   0   0   0   0   0   0   0   0   0   0   0   0   0   0   0   0 471   0   0   0   0   0   0   1   0   0   1   0   0   4   0   0   0   0   0   0   1   0   2   0   0   0   0 
L   0 261   0   0   0   0   0   0   0   0   0   0   2   0   0   0   0   0  83   0   0 160   0   0   0   0   0   0   0   0   0   0   0   0   0   0   0   1   0   0   0   0   1   0   0   0   0 
M   0   0   0   0   0   0   0   0   0   0   0   0   0   0   0   0   0   1   0   0   0   0 483   2   0   0   0   0   0   0   0   0   0   0   0   0   0   0   0   0   0   0   0   2   0   0   0 
N   0   0   0   0   0   0   0   0   0   0   0   0   0   0   0   0   0   0   0   0   0   0   0 481   0   0   0   0   0   0   0   0   0   2   0   0   0   0   0   0   0   0   0   1   0   0   0 
O 228   0   0   0   0   0   0   0   0   0   0   1   0   4   0   0   0   0   0   0   0   0   0   0 227   0   0   0   0   0   0   0   0   0   0   0   4   0   0   0   0   0   0   0   0   0   0 
P   0   0   0   0   0   0   0   0   0   0   0   0   0   2   0   0   0   0   0   0   0   0   0   0   0 489   0   0   0   0   0   0   0   0   0   0   0   1   0   1   0   0   0   0   1   0   0 
Q   0   0   0   0   0   0   0   0   0   0   0   0   0   0   0   0   1   0   0   0   0   0   0   0   0   1 504   0   0   0   0   0   0   0   0   0   2   0   0   0   0   2   0   0   1   0   0 
R   0   0   0   0   0   0   0   0   0   0   1   0   0   0   0   0   0   0   0   0   0   0   0   1   0   0   0 470   0   0   0   0   0   0   0   0   0   0   0   0   0   0   0   0   0   0   0 
S   0   0   0   1   0  33   0   0   1   0   0   0   0   0   0   0   0   0   0   3   0   0   0   0   0   0   0   0 426   0   0   0   0   0   0   0   0   0   0   0   0   8   0   0   0   1   0 
T   0   0   0   0   0   0   0   4   0   1   0   0   0   0   0   0   0   0   1   0   0   0   0   0   0   0   0   0   0 450   0   0   0   1   0   0   0   0   0   0   0   0   0   0   0   0  13 
U   0   0   0   0   1   0   0   0   0   0   0   0   1   0   0   0   0   0   0   0   0   0   1   0   0   0   0   0   0   0 456   7   1   0   1   0   0   0   0   0   0   0   0   0   0   0   0 
V   0   0   0   0   0   0   0   0   0   0   0   0   0   0   0   0   0   0   0   0   0   0   0   3   0   0   0   0   0   0  12 433   0   1   3   0   0   0   0   0   0   0   0   0   0   2   0 
W   0   0   0   0   0   0   0   0   0   0   0   0   0   0   0   0   0   0   0   0   0   0   1   0   0   0   0   0   0   0   1   0 507   0   0   0   0   0   0   0   0   0   0   1   0   0   0 
X   0   0   0   0   0   0   0   0   0   0   0   0   1   0   0   0   0   0   1   0   1   0   0   0   0   0   0   0   0   0   0   1   0 465   5   1   0   0   0   0   0   0   0   0   0   0   2 
Y   0   0   0   0  14   0   0   2   0   1   0   0   0   0   0   0   0   1   0   0   0   0   0   0   0   0   0   0   0   0   3   5   0   1 432   0   0   0   0   0   0   4   0   0   0   0   1 
Z   0   0  22   6   0   0   0   3   0   0   0   0   0   0   0   0   0   0   0   0   0   1   0   0   0   0   0   0   0   0   0   0   0   0   0 454   0   0   0   0   0   1   0   0   0   0   1 
a   0   0   5   0   0   0   0   0   0   1  12   0   1   0   0   0   0   0   0   0   0   0   0   2   0   0   3   0   0   0   1   0   0   0   0   0 442   0   3   1   0   5   0   0   1   0   0 
b   2   0   0   0   0   0   9   0   0   0   0   5   0   0   0   0   1   0   1   0   0   0   0   0   0   1   0   0   0   0   0   0   0   0   0   0   0 480   0   0   0   0   0   0   0   0   0 
d   0   0   0   0   0   0   0   0   0   0   0   0   0   0   0   0   0   0   0   0   0   0   0   0   0   0   0   0   0   0   0   0   0   0   0   0   2   0 474   0   0   0   0   0   0   1   0 
e   0   0   0   0   0   0   0   0   0   0   0   1   4   0   0   0   0   0   0   0   0   0   0   0   0   2   0   0   0   0   0   0   0   0   0   0   2   0   0 492   0   0   0   0   0   0   0 
f   0   0   0   0   0   0   0   1   1   0   0   0   0   0   0  84   0   0   0   0   1   0   0   0   0   2   0   0   0   0   0   0   0   0   0   0   0   0   1   0 358   0   0   0   1   1  15 
g   0   0   2   0   0   0   1   1  17  61   0   0   0   0   0   0   6   0   0   1   0   0   0   0   0   0   0   0   1   0   0   0   0   0   0   0   5   1   1   0   0 332   1   0  45   1   0 
h   0   0   0   0   0   0   0   0   0   0   0   0   0   0   0   0   0   4   0   0   0   4   1   0   0   0   0   0   0   0   2   0   0   1   0   0   0   0   0   0   0   0 447   5   0   0   0 
n   0   0   0   0   0   0   0   1   0   0   1   0   0   0   0   0   0   0   0   0   0   0   6  15   0   0   0   0   0   0   1   0   0   0   0   0   0   0   0   0   0   0   6 482   0   1   0 
q   1   1   0   0   0   0   0   0   7 137   0   0   0   0   0   0   0   0   1   0   0   0   0   0   0   2  14   0   0   0   0   0   0   0   0   0   4   0   0   0   0  34   0   0 292   0   0 
r   0   1   0   0   0   0   0   0   0   0   0   0   0   0   0   0   0   0   0   0   0   0   0   0   0   1   0   7   0   1   0   2   0   0   1   0   0   0   0   1   0   0   0   2   0 449   1 
t   0   0   0   0   0   0   0   0   0   0   0   0   0   0   0   1   0   0   0   0   0   1   0   0   0   0   0   0   0  20   0   0   0   1   0   1   0   0   0   0   2   0   0   0   0   0 458 

